UP:  5 3 6 0 1 2 4 8 7 
RIGHT:  5 3 6 1 0 2 4 8 7 
RIGHT:  5 3 6 1 2 0 4 8 7 
UP:  5 3 0 1 2 6 4 8 7 
LEFT:  5 0 3 1 2 6 4 8 7 
DOWN:  5 2 3 1 0 6 4 8 7 
DOWN:  5 2 3 1 8 6 4 0 7 
RIGHT:  5 2 3 1 8 6 4 7 0 
UP:  5 2 3 1 8 0 4 7 6 
UP:  5 2 0 1 8 3 4 7 6 
LEFT:  5 0 2 1 8 3 4 7 6 
LEFT:  0 5 2 1 8 3 4 7 6 
DOWN:  1 5 2 0 8 3 4 7 6 
DOWN:  1 5 2 4 8 3 0 7 6 
RIGHT:  1 5 2 4 8 3 7 0 6 
UP:  1 5 2 4 0 3 7 8 6 
UP:  1 0 2 4 5 3 7 8 6 
RIGHT:  1 2 0 4 5 3 7 8 6 
DOWN:  1 2 3 4 5 0 7 8 6 
DOWN:  1 2 3 4 5 6 7 8 0 
