Proble
0 4 23 2 19 3 21 14 11 18 9 24 8 16 17 5 15 6 20 22 1 12 10 7 13 
Bat dau tim kiem 1
DOWN:  3 4 23 2 19 0 21 14 11 18 9 24 8 16 17 5 15 6 20 22 1 12 10 7 13 
DOWN:  3 4 23 2 19 9 21 14 11 18 0 24 8 16 17 5 15 6 20 22 1 12 10 7 13 
DOWN:  3 4 23 2 19 9 21 14 11 18 5 24 8 16 17 0 15 6 20 22 1 12 10 7 13 
DOWN:  3 4 23 2 19 9 21 14 11 18 5 24 8 16 17 1 15 6 20 22 0 12 10 7 13 
bat dau tim trang thai dich 1
RIGHT:  3 4 23 2 19 9 21 14 11 18 5 24 8 16 17 1 15 6 20 22 12 0 10 7 13 
UP:  3 4 23 2 19 9 21 14 11 18 5 24 8 16 17 1 0 6 20 22 12 15 10 7 13 
UP:  3 4 23 2 19 9 21 14 11 18 5 0 8 16 17 1 24 6 20 22 12 15 10 7 13 
LEFT:  3 4 23 2 19 9 21 14 11 18 0 5 8 16 17 1 24 6 20 22 12 15 10 7 13 
DOWN:  3 4 23 2 19 9 21 14 11 18 1 5 8 16 17 0 24 6 20 22 12 15 10 7 13 
RIGHT:  3 4 23 2 19 9 21 14 11 18 1 5 8 16 17 24 0 6 20 22 12 15 10 7 13 
UP:  3 4 23 2 19 9 21 14 11 18 1 0 8 16 17 24 5 6 20 22 12 15 10 7 13 
UP:  3 4 23 2 19 9 0 14 11 18 1 21 8 16 17 24 5 6 20 22 12 15 10 7 13 
LEFT:  3 4 23 2 19 0 9 14 11 18 1 21 8 16 17 24 5 6 20 22 12 15 10 7 13 
DOWN:  3 4 23 2 19 1 9 14 11 18 0 21 8 16 17 24 5 6 20 22 12 15 10 7 13 
RIGHT:  3 4 23 2 19 1 9 14 11 18 21 0 8 16 17 24 5 6 20 22 12 15 10 7 13 
UP:  3 4 23 2 19 1 0 14 11 18 21 9 8 16 17 24 5 6 20 22 12 15 10 7 13 
UP:  3 0 23 2 19 1 4 14 11 18 21 9 8 16 17 24 5 6 20 22 12 15 10 7 13 
LEFT:  0 3 23 2 19 1 4 14 11 18 21 9 8 16 17 24 5 6 20 22 12 15 10 7 13 
DOWN:  1 3 23 2 19 0 4 14 11 18 21 9 8 16 17 24 5 6 20 22 12 15 10 7 13 
Bat dau tim kiem 2
RIGHT:  1 3 23 2 19 4 0 14 11 18 21 9 8 16 17 24 5 6 20 22 12 15 10 7 13 
RIGHT:  1 3 23 2 19 4 14 0 11 18 21 9 8 16 17 24 5 6 20 22 12 15 10 7 13 
RIGHT:  1 3 23 2 19 4 14 11 0 18 21 9 8 16 17 24 5 6 20 22 12 15 10 7 13 
UP:  1 3 23 0 19 4 14 11 2 18 21 9 8 16 17 24 5 6 20 22 12 15 10 7 13 
bat dau tim trang thai dich 2
DOWN:  1 3 23 2 19 4 14 11 0 18 21 9 8 16 17 24 5 6 20 22 12 15 10 7 13 
LEFT:  1 3 23 2 19 4 14 0 11 18 21 9 8 16 17 24 5 6 20 22 12 15 10 7 13 
UP:  1 3 0 2 19 4 14 23 11 18 21 9 8 16 17 24 5 6 20 22 12 15 10 7 13 
RIGHT:  1 3 2 0 19 4 14 23 11 18 21 9 8 16 17 24 5 6 20 22 12 15 10 7 13 
DOWN:  1 3 2 11 19 4 14 23 0 18 21 9 8 16 17 24 5 6 20 22 12 15 10 7 13 
LEFT:  1 3 2 11 19 4 14 0 23 18 21 9 8 16 17 24 5 6 20 22 12 15 10 7 13 
LEFT:  1 3 2 11 19 4 0 14 23 18 21 9 8 16 17 24 5 6 20 22 12 15 10 7 13 
UP:  1 0 2 11 19 4 3 14 23 18 21 9 8 16 17 24 5 6 20 22 12 15 10 7 13 
RIGHT:  1 2 0 11 19 4 3 14 23 18 21 9 8 16 17 24 5 6 20 22 12 15 10 7 13 
Bat dau tim kiem 3
DOWN:  1 2 14 11 19 4 3 0 23 18 21 9 8 16 17 24 5 6 20 22 12 15 10 7 13 
LEFT:  1 2 14 11 19 4 0 3 23 18 21 9 8 16 17 24 5 6 20 22 12 15 10 7 13 
bat dau tim trang thai dich 3
DOWN:  1 2 14 11 19 4 9 3 23 18 21 0 8 16 17 24 5 6 20 22 12 15 10 7 13 
RIGHT:  1 2 14 11 19 4 9 3 23 18 21 8 0 16 17 24 5 6 20 22 12 15 10 7 13 
RIGHT:  1 2 14 11 19 4 9 3 23 18 21 8 16 0 17 24 5 6 20 22 12 15 10 7 13 
UP:  1 2 14 11 19 4 9 3 0 18 21 8 16 23 17 24 5 6 20 22 12 15 10 7 13 
UP:  1 2 14 0 19 4 9 3 11 18 21 8 16 23 17 24 5 6 20 22 12 15 10 7 13 
LEFT:  1 2 0 14 19 4 9 3 11 18 21 8 16 23 17 24 5 6 20 22 12 15 10 7 13 
DOWN:  1 2 3 14 19 4 9 0 11 18 21 8 16 23 17 24 5 6 20 22 12 15 10 7 13 
Bat dau tim kiem 4
LEFT:  1 2 3 14 19 4 0 9 11 18 21 8 16 23 17 24 5 6 20 22 12 15 10 7 13 
LEFT:  1 2 3 14 19 0 4 9 11 18 21 8 16 23 17 24 5 6 20 22 12 15 10 7 13 
bat dau tim trang thai dich 4
DOWN:  1 2 3 14 19 21 4 9 11 18 0 8 16 23 17 24 5 6 20 22 12 15 10 7 13 
RIGHT:  1 2 3 14 19 21 4 9 11 18 8 0 16 23 17 24 5 6 20 22 12 15 10 7 13 
RIGHT:  1 2 3 14 19 21 4 9 11 18 8 16 0 23 17 24 5 6 20 22 12 15 10 7 13 
UP:  1 2 3 14 19 21 4 0 11 18 8 16 9 23 17 24 5 6 20 22 12 15 10 7 13 
LEFT:  1 2 3 14 19 21 0 4 11 18 8 16 9 23 17 24 5 6 20 22 12 15 10 7 13 
DOWN:  1 2 3 14 19 21 16 4 11 18 8 0 9 23 17 24 5 6 20 22 12 15 10 7 13 
RIGHT:  1 2 3 14 19 21 16 4 11 18 8 9 0 23 17 24 5 6 20 22 12 15 10 7 13 
RIGHT:  1 2 3 14 19 21 16 4 11 18 8 9 23 0 17 24 5 6 20 22 12 15 10 7 13 
UP:  1 2 3 14 19 21 16 4 0 18 8 9 23 11 17 24 5 6 20 22 12 15 10 7 13 
LEFT:  1 2 3 14 19 21 16 0 4 18 8 9 23 11 17 24 5 6 20 22 12 15 10 7 13 
DOWN:  1 2 3 14 19 21 16 23 4 18 8 9 0 11 17 24 5 6 20 22 12 15 10 7 13 
RIGHT:  1 2 3 14 19 21 16 23 4 18 8 9 11 0 17 24 5 6 20 22 12 15 10 7 13 
RIGHT:  1 2 3 14 19 21 16 23 4 18 8 9 11 17 0 24 5 6 20 22 12 15 10 7 13 
UP:  1 2 3 14 19 21 16 23 4 0 8 9 11 17 18 24 5 6 20 22 12 15 10 7 13 
UP:  1 2 3 14 0 21 16 23 4 19 8 9 11 17 18 24 5 6 20 22 12 15 10 7 13 
LEFT:  1 2 3 0 14 21 16 23 4 19 8 9 11 17 18 24 5 6 20 22 12 15 10 7 13 
DOWN:  1 2 3 4 14 21 16 23 0 19 8 9 11 17 18 24 5 6 20 22 12 15 10 7 13 
Bat dau tim kiem 5
DOWN:  1 2 3 4 14 21 16 23 17 19 8 9 11 0 18 24 5 6 20 22 12 15 10 7 13 
DOWN:  1 2 3 4 14 21 16 23 17 19 8 9 11 20 18 24 5 6 0 22 12 15 10 7 13 
LEFT:  1 2 3 4 14 21 16 23 17 19 8 9 11 20 18 24 5 0 6 22 12 15 10 7 13 
LEFT:  1 2 3 4 14 21 16 23 17 19 8 9 11 20 18 24 0 5 6 22 12 15 10 7 13 
dua bai toan ve dang corner5
UP:  1 2 3 4 14 21 16 23 17 19 8 0 11 20 18 24 9 5 6 22 12 15 10 7 13 
RIGHT:  1 2 3 4 14 21 16 23 17 19 8 11 0 20 18 24 9 5 6 22 12 15 10 7 13 
DOWN:  1 2 3 4 14 21 16 23 17 19 8 11 5 20 18 24 9 0 6 22 12 15 10 7 13 
RIGHT:  1 2 3 4 14 21 16 23 17 19 8 11 5 20 18 24 9 6 0 22 12 15 10 7 13 
UP:  1 2 3 4 14 21 16 23 17 19 8 11 5 0 18 24 9 6 20 22 12 15 10 7 13 
LEFT:  1 2 3 4 14 21 16 23 17 19 8 11 0 5 18 24 9 6 20 22 12 15 10 7 13 
UP:  1 2 3 4 14 21 16 0 17 19 8 11 23 5 18 24 9 6 20 22 12 15 10 7 13 
RIGHT:  1 2 3 4 14 21 16 17 0 19 8 11 23 5 18 24 9 6 20 22 12 15 10 7 13 
DOWN:  1 2 3 4 14 21 16 17 5 19 8 11 23 0 18 24 9 6 20 22 12 15 10 7 13 
RIGHT:  1 2 3 4 14 21 16 17 5 19 8 11 23 18 0 24 9 6 20 22 12 15 10 7 13 
UP:  1 2 3 4 14 21 16 17 5 0 8 11 23 18 19 24 9 6 20 22 12 15 10 7 13 
LEFT:  1 2 3 4 14 21 16 17 0 5 8 11 23 18 19 24 9 6 20 22 12 15 10 7 13 
DOWN:  1 2 3 4 14 21 16 17 18 5 8 11 23 0 19 24 9 6 20 22 12 15 10 7 13 
RIGHT:  1 2 3 4 14 21 16 17 18 5 8 11 23 19 0 24 9 6 20 22 12 15 10 7 13 
Xac dinh bai toan corner
UP:  1 2 3 4 14 21 16 17 18 0 8 11 23 19 5 24 9 6 20 22 12 15 10 7 13 
LEFT:  1 2 3 4 14 21 16 17 0 18 8 11 23 19 5 24 9 6 20 22 12 15 10 7 13 
UP:  1 2 3 0 14 21 16 17 4 18 8 11 23 19 5 24 9 6 20 22 12 15 10 7 13 
RIGHT:  1 2 3 14 0 21 16 17 4 18 8 11 23 19 5 24 9 6 20 22 12 15 10 7 13 
DOWN:  1 2 3 14 18 21 16 17 4 0 8 11 23 19 5 24 9 6 20 22 12 15 10 7 13 
LEFT:  1 2 3 14 18 21 16 17 0 4 8 11 23 19 5 24 9 6 20 22 12 15 10 7 13 
UP:  1 2 3 0 18 21 16 17 14 4 8 11 23 19 5 24 9 6 20 22 12 15 10 7 13 
RIGHT:  1 2 3 18 0 21 16 17 14 4 8 11 23 19 5 24 9 6 20 22 12 15 10 7 13 
DOWN:  1 2 3 18 4 21 16 17 14 0 8 11 23 19 5 24 9 6 20 22 12 15 10 7 13 
DOWN:  1 2 3 18 4 21 16 17 14 5 8 11 23 19 0 24 9 6 20 22 12 15 10 7 13 
LEFT:  1 2 3 18 4 21 16 17 14 5 8 11 23 0 19 24 9 6 20 22 12 15 10 7 13 
UP:  1 2 3 18 4 21 16 17 0 5 8 11 23 14 19 24 9 6 20 22 12 15 10 7 13 
UP:  1 2 3 0 4 21 16 17 18 5 8 11 23 14 19 24 9 6 20 22 12 15 10 7 13 
RIGHT:  1 2 3 4 0 21 16 17 18 5 8 11 23 14 19 24 9 6 20 22 12 15 10 7 13 
DOWN:  1 2 3 4 5 21 16 17 18 0 8 11 23 14 19 24 9 6 20 22 12 15 10 7 13 
bat dau tim trang thai dich 5
Bat dau tim kiem 6
DOWN:  1 2 3 4 5 21 16 17 18 19 8 11 23 14 0 24 9 6 20 22 12 15 10 7 13 
DOWN:  1 2 3 4 5 21 16 17 18 19 8 11 23 14 22 24 9 6 20 0 12 15 10 7 13 
LEFT:  1 2 3 4 5 21 16 17 18 19 8 11 23 14 22 24 9 6 0 20 12 15 10 7 13 
LEFT:  1 2 3 4 5 21 16 17 18 19 8 11 23 14 22 24 9 0 6 20 12 15 10 7 13 
bat dau tim trang thai dich 6
RIGHT:  1 2 3 4 5 21 16 17 18 19 8 11 23 14 22 24 9 6 0 20 12 15 10 7 13 
UP:  1 2 3 4 5 21 16 17 18 19 8 11 23 0 22 24 9 6 14 20 12 15 10 7 13 
LEFT:  1 2 3 4 5 21 16 17 18 19 8 11 0 23 22 24 9 6 14 20 12 15 10 7 13 
DOWN:  1 2 3 4 5 21 16 17 18 19 8 11 6 23 22 24 9 0 14 20 12 15 10 7 13 
LEFT:  1 2 3 4 5 21 16 17 18 19 8 11 6 23 22 24 0 9 14 20 12 15 10 7 13 
UP:  1 2 3 4 5 21 16 17 18 19 8 0 6 23 22 24 11 9 14 20 12 15 10 7 13 
RIGHT:  1 2 3 4 5 21 16 17 18 19 8 6 0 23 22 24 11 9 14 20 12 15 10 7 13 
UP:  1 2 3 4 5 21 16 0 18 19 8 6 17 23 22 24 11 9 14 20 12 15 10 7 13 
LEFT:  1 2 3 4 5 21 0 16 18 19 8 6 17 23 22 24 11 9 14 20 12 15 10 7 13 
DOWN:  1 2 3 4 5 21 6 16 18 19 8 0 17 23 22 24 11 9 14 20 12 15 10 7 13 
LEFT:  1 2 3 4 5 21 6 16 18 19 0 8 17 23 22 24 11 9 14 20 12 15 10 7 13 
UP:  1 2 3 4 5 0 6 16 18 19 21 8 17 23 22 24 11 9 14 20 12 15 10 7 13 
RIGHT:  1 2 3 4 5 6 0 16 18 19 21 8 17 23 22 24 11 9 14 20 12 15 10 7 13 
Bat dau tim kiem 11
DOWN:  1 2 3 4 5 6 8 16 18 19 21 0 17 23 22 24 11 9 14 20 12 15 10 7 13 
DOWN:  1 2 3 4 5 6 8 16 18 19 21 11 17 23 22 24 0 9 14 20 12 15 10 7 13 
bat dau tim trang thai dich 11
LEFT:  1 2 3 4 5 6 8 16 18 19 21 11 17 23 22 0 24 9 14 20 12 15 10 7 13 
UP:  1 2 3 4 5 6 8 16 18 19 0 11 17 23 22 21 24 9 14 20 12 15 10 7 13 
RIGHT:  1 2 3 4 5 6 8 16 18 19 11 0 17 23 22 21 24 9 14 20 12 15 10 7 13 
Bat dau tim kiem 16
RIGHT:  1 2 3 4 5 6 8 16 18 19 11 17 0 23 22 21 24 9 14 20 12 15 10 7 13 
UP:  1 2 3 4 5 6 8 0 18 19 11 17 16 23 22 21 24 9 14 20 12 15 10 7 13 
bat dau tim trang thai dich 16
LEFT:  1 2 3 4 5 6 0 8 18 19 11 17 16 23 22 21 24 9 14 20 12 15 10 7 13 
DOWN:  1 2 3 4 5 6 17 8 18 19 11 0 16 23 22 21 24 9 14 20 12 15 10 7 13 
RIGHT:  1 2 3 4 5 6 17 8 18 19 11 16 0 23 22 21 24 9 14 20 12 15 10 7 13 
DOWN:  1 2 3 4 5 6 17 8 18 19 11 16 9 23 22 21 24 0 14 20 12 15 10 7 13 
LEFT:  1 2 3 4 5 6 17 8 18 19 11 16 9 23 22 21 0 24 14 20 12 15 10 7 13 
UP:  1 2 3 4 5 6 17 8 18 19 11 0 9 23 22 21 16 24 14 20 12 15 10 7 13 
RIGHT:  1 2 3 4 5 6 17 8 18 19 11 9 0 23 22 21 16 24 14 20 12 15 10 7 13 
DOWN:  1 2 3 4 5 6 17 8 18 19 11 9 24 23 22 21 16 0 14 20 12 15 10 7 13 
DOWN:  1 2 3 4 5 6 17 8 18 19 11 9 24 23 22 21 16 10 14 20 12 15 0 7 13 
LEFT:  1 2 3 4 5 6 17 8 18 19 11 9 24 23 22 21 16 10 14 20 12 0 15 7 13 
LEFT:  1 2 3 4 5 6 17 8 18 19 11 9 24 23 22 21 16 10 14 20 0 12 15 7 13 
UP:  1 2 3 4 5 6 17 8 18 19 11 9 24 23 22 0 16 10 14 20 21 12 15 7 13 
RIGHT:  1 2 3 4 5 6 17 8 18 19 11 9 24 23 22 16 0 10 14 20 21 12 15 7 13 
bat dau tim trang thai dich 21
LEFT:  1 2 3 4 5 6 0 8 18 19 11 17 16 23 22 21 24 9 14 20 12 15 10 7 13 
DOWN:  1 2 3 4 5 6 17 8 18 19 11 0 16 23 22 21 24 9 14 20 12 15 10 7 13 
RIGHT:  1 2 3 4 5 6 17 8 18 19 11 16 0 23 22 21 24 9 14 20 12 15 10 7 13 
DOWN:  1 2 3 4 5 6 17 8 18 19 11 16 9 23 22 21 24 0 14 20 12 15 10 7 13 
LEFT:  1 2 3 4 5 6 17 8 18 19 11 16 9 23 22 21 0 24 14 20 12 15 10 7 13 
UP:  1 2 3 4 5 6 17 8 18 19 11 0 9 23 22 21 16 24 14 20 12 15 10 7 13 
RIGHT:  1 2 3 4 5 6 17 8 18 19 11 9 0 23 22 21 16 24 14 20 12 15 10 7 13 
DOWN:  1 2 3 4 5 6 17 8 18 19 11 9 24 23 22 21 16 0 14 20 12 15 10 7 13 
DOWN:  1 2 3 4 5 6 17 8 18 19 11 9 24 23 22 21 16 10 14 20 12 15 0 7 13 
LEFT:  1 2 3 4 5 6 17 8 18 19 11 9 24 23 22 21 16 10 14 20 12 0 15 7 13 
LEFT:  1 2 3 4 5 6 17 8 18 19 11 9 24 23 22 21 16 10 14 20 0 12 15 7 13 
UP:  1 2 3 4 5 6 17 8 18 19 11 9 24 23 22 0 16 10 14 20 21 12 15 7 13 
RIGHT:  1 2 3 4 5 6 17 8 18 19 11 9 24 23 22 16 0 10 14 20 21 12 15 7 13 
Bat dau tim kiem 7
DOWN:  1 2 3 4 5 6 17 8 18 19 11 9 24 23 22 16 12 10 14 20 21 0 15 7 13 
RIGHT:  1 2 3 4 5 6 17 8 18 19 11 9 24 23 22 16 12 10 14 20 21 15 0 7 13 
RIGHT:  1 2 3 4 5 6 17 8 18 19 11 9 24 23 22 16 12 10 14 20 21 15 7 0 13 
bat dau tim trang thai dich 7
UP:  1 2 3 4 5 6 17 8 18 19 11 9 24 23 22 16 12 10 0 20 21 15 7 14 13 
LEFT:  1 2 3 4 5 6 17 8 18 19 11 9 24 23 22 16 12 0 10 20 21 15 7 14 13 
DOWN:  1 2 3 4 5 6 17 8 18 19 11 9 24 23 22 16 12 7 10 20 21 15 0 14 13 
LEFT:  1 2 3 4 5 6 17 8 18 19 11 9 24 23 22 16 12 7 10 20 21 0 15 14 13 
UP:  1 2 3 4 5 6 17 8 18 19 11 9 24 23 22 16 0 7 10 20 21 12 15 14 13 
RIGHT:  1 2 3 4 5 6 17 8 18 19 11 9 24 23 22 16 7 0 10 20 21 12 15 14 13 
UP:  1 2 3 4 5 6 17 8 18 19 11 9 0 23 22 16 7 24 10 20 21 12 15 14 13 
LEFT:  1 2 3 4 5 6 17 8 18 19 11 0 9 23 22 16 7 24 10 20 21 12 15 14 13 
DOWN:  1 2 3 4 5 6 17 8 18 19 11 7 9 23 22 16 0 24 10 20 21 12 15 14 13 
RIGHT:  1 2 3 4 5 6 17 8 18 19 11 7 9 23 22 16 24 0 10 20 21 12 15 14 13 
UP:  1 2 3 4 5 6 17 8 18 19 11 7 0 23 22 16 24 9 10 20 21 12 15 14 13 
UP:  1 2 3 4 5 6 17 0 18 19 11 7 8 23 22 16 24 9 10 20 21 12 15 14 13 
LEFT:  1 2 3 4 5 6 0 17 18 19 11 7 8 23 22 16 24 9 10 20 21 12 15 14 13 
DOWN:  1 2 3 4 5 6 7 17 18 19 11 0 8 23 22 16 24 9 10 20 21 12 15 14 13 
Bat dau tim kiem 8
RIGHT:  1 2 3 4 5 6 7 17 18 19 11 8 0 23 22 16 24 9 10 20 21 12 15 14 13 
bat dau tim trang thai dich 8
LEFT:  1 2 3 4 5 6 7 17 18 19 11 0 8 23 22 16 24 9 10 20 21 12 15 14 13 
DOWN:  1 2 3 4 5 6 7 17 18 19 11 24 8 23 22 16 0 9 10 20 21 12 15 14 13 
RIGHT:  1 2 3 4 5 6 7 17 18 19 11 24 8 23 22 16 9 0 10 20 21 12 15 14 13 
RIGHT:  1 2 3 4 5 6 7 17 18 19 11 24 8 23 22 16 9 10 0 20 21 12 15 14 13 
UP:  1 2 3 4 5 6 7 17 18 19 11 24 8 0 22 16 9 10 23 20 21 12 15 14 13 
UP:  1 2 3 4 5 6 7 17 0 19 11 24 8 18 22 16 9 10 23 20 21 12 15 14 13 
LEFT:  1 2 3 4 5 6 7 0 17 19 11 24 8 18 22 16 9 10 23 20 21 12 15 14 13 
DOWN:  1 2 3 4 5 6 7 8 17 19 11 24 0 18 22 16 9 10 23 20 21 12 15 14 13 
Bat dau tim kiem 9
DOWN:  1 2 3 4 5 6 7 8 17 19 11 24 10 18 22 16 9 0 23 20 21 12 15 14 13 
LEFT:  1 2 3 4 5 6 7 8 17 19 11 24 10 18 22 16 0 9 23 20 21 12 15 14 13 
bat dau tim trang thai dich 9
UP:  1 2 3 4 5 6 7 8 17 19 11 0 10 18 22 16 24 9 23 20 21 12 15 14 13 
RIGHT:  1 2 3 4 5 6 7 8 17 19 11 10 0 18 22 16 24 9 23 20 21 12 15 14 13 
DOWN:  1 2 3 4 5 6 7 8 17 19 11 10 9 18 22 16 24 0 23 20 21 12 15 14 13 
RIGHT:  1 2 3 4 5 6 7 8 17 19 11 10 9 18 22 16 24 23 0 20 21 12 15 14 13 
UP:  1 2 3 4 5 6 7 8 17 19 11 10 9 0 22 16 24 23 18 20 21 12 15 14 13 
LEFT:  1 2 3 4 5 6 7 8 17 19 11 10 0 9 22 16 24 23 18 20 21 12 15 14 13 
DOWN:  1 2 3 4 5 6 7 8 17 19 11 10 23 9 22 16 24 0 18 20 21 12 15 14 13 
RIGHT:  1 2 3 4 5 6 7 8 17 19 11 10 23 9 22 16 24 18 0 20 21 12 15 14 13 
RIGHT:  1 2 3 4 5 6 7 8 17 19 11 10 23 9 22 16 24 18 20 0 21 12 15 14 13 
UP:  1 2 3 4 5 6 7 8 17 19 11 10 23 9 0 16 24 18 20 22 21 12 15 14 13 
UP:  1 2 3 4 5 6 7 8 17 0 11 10 23 9 19 16 24 18 20 22 21 12 15 14 13 
LEFT:  1 2 3 4 5 6 7 8 0 17 11 10 23 9 19 16 24 18 20 22 21 12 15 14 13 
DOWN:  1 2 3 4 5 6 7 8 9 17 11 10 23 0 19 16 24 18 20 22 21 12 15 14 13 
Bat dau tim kiem 10
LEFT:  1 2 3 4 5 6 7 8 9 17 11 10 0 23 19 16 24 18 20 22 21 12 15 14 13 
LEFT:  1 2 3 4 5 6 7 8 9 17 11 0 10 23 19 16 24 18 20 22 21 12 15 14 13 
dua bai toan ve dang corner10
DOWN:  1 2 3 4 5 6 7 8 9 17 11 24 10 23 19 16 0 18 20 22 21 12 15 14 13 
RIGHT:  1 2 3 4 5 6 7 8 9 17 11 24 10 23 19 16 18 0 20 22 21 12 15 14 13 
RIGHT:  1 2 3 4 5 6 7 8 9 17 11 24 10 23 19 16 18 20 0 22 21 12 15 14 13 
UP:  1 2 3 4 5 6 7 8 9 17 11 24 10 0 19 16 18 20 23 22 21 12 15 14 13 
LEFT:  1 2 3 4 5 6 7 8 9 17 11 24 0 10 19 16 18 20 23 22 21 12 15 14 13 
DOWN:  1 2 3 4 5 6 7 8 9 17 11 24 20 10 19 16 18 0 23 22 21 12 15 14 13 
RIGHT:  1 2 3 4 5 6 7 8 9 17 11 24 20 10 19 16 18 23 0 22 21 12 15 14 13 
RIGHT:  1 2 3 4 5 6 7 8 9 17 11 24 20 10 19 16 18 23 22 0 21 12 15 14 13 
UP:  1 2 3 4 5 6 7 8 9 17 11 24 20 10 0 16 18 23 22 19 21 12 15 14 13 
LEFT:  1 2 3 4 5 6 7 8 9 17 11 24 20 0 10 16 18 23 22 19 21 12 15 14 13 
DOWN:  1 2 3 4 5 6 7 8 9 17 11 24 20 22 10 16 18 23 0 19 21 12 15 14 13 
RIGHT:  1 2 3 4 5 6 7 8 9 17 11 24 20 22 10 16 18 23 19 0 21 12 15 14 13 
Xac dinh bai toan corner
UP:  1 2 3 4 5 6 7 8 9 17 11 24 20 22 0 16 18 23 19 10 21 12 15 14 13 
LEFT:  1 2 3 4 5 6 7 8 9 17 11 24 20 0 22 16 18 23 19 10 21 12 15 14 13 
UP:  1 2 3 4 5 6 7 8 0 17 11 24 20 9 22 16 18 23 19 10 21 12 15 14 13 
RIGHT:  1 2 3 4 5 6 7 8 17 0 11 24 20 9 22 16 18 23 19 10 21 12 15 14 13 
DOWN:  1 2 3 4 5 6 7 8 17 22 11 24 20 9 0 16 18 23 19 10 21 12 15 14 13 
LEFT:  1 2 3 4 5 6 7 8 17 22 11 24 20 0 9 16 18 23 19 10 21 12 15 14 13 
UP:  1 2 3 4 5 6 7 8 0 22 11 24 20 17 9 16 18 23 19 10 21 12 15 14 13 
RIGHT:  1 2 3 4 5 6 7 8 22 0 11 24 20 17 9 16 18 23 19 10 21 12 15 14 13 
DOWN:  1 2 3 4 5 6 7 8 22 9 11 24 20 17 0 16 18 23 19 10 21 12 15 14 13 
DOWN:  1 2 3 4 5 6 7 8 22 9 11 24 20 17 10 16 18 23 19 0 21 12 15 14 13 
LEFT:  1 2 3 4 5 6 7 8 22 9 11 24 20 17 10 16 18 23 0 19 21 12 15 14 13 
UP:  1 2 3 4 5 6 7 8 22 9 11 24 20 0 10 16 18 23 17 19 21 12 15 14 13 
UP:  1 2 3 4 5 6 7 8 0 9 11 24 20 22 10 16 18 23 17 19 21 12 15 14 13 
RIGHT:  1 2 3 4 5 6 7 8 9 0 11 24 20 22 10 16 18 23 17 19 21 12 15 14 13 
DOWN:  1 2 3 4 5 6 7 8 9 10 11 24 20 22 0 16 18 23 17 19 21 12 15 14 13 
bat dau tim trang thai dich 10
Bat dau tim kiem 12
DOWN:  1 2 3 4 5 6 7 8 9 10 11 24 20 22 19 16 18 23 17 0 21 12 15 14 13 
DOWN:  1 2 3 4 5 6 7 8 9 10 11 24 20 22 19 16 18 23 17 13 21 12 15 14 0 
LEFT:  1 2 3 4 5 6 7 8 9 10 11 24 20 22 19 16 18 23 17 13 21 12 15 0 14 
LEFT:  1 2 3 4 5 6 7 8 9 10 11 24 20 22 19 16 18 23 17 13 21 12 0 15 14 
LEFT:  1 2 3 4 5 6 7 8 9 10 11 24 20 22 19 16 18 23 17 13 21 0 12 15 14 
bat dau tim trang thai dich 12
RIGHT:  1 2 3 4 5 6 7 8 9 10 11 24 20 22 19 16 18 23 17 13 21 12 0 15 14 
UP:  1 2 3 4 5 6 7 8 9 10 11 24 20 22 19 16 18 0 17 13 21 12 23 15 14 
LEFT:  1 2 3 4 5 6 7 8 9 10 11 24 20 22 19 16 0 18 17 13 21 12 23 15 14 
DOWN:  1 2 3 4 5 6 7 8 9 10 11 24 20 22 19 16 12 18 17 13 21 0 23 15 14 
RIGHT:  1 2 3 4 5 6 7 8 9 10 11 24 20 22 19 16 12 18 17 13 21 23 0 15 14 
UP:  1 2 3 4 5 6 7 8 9 10 11 24 20 22 19 16 12 0 17 13 21 23 18 15 14 
UP:  1 2 3 4 5 6 7 8 9 10 11 24 0 22 19 16 12 20 17 13 21 23 18 15 14 
LEFT:  1 2 3 4 5 6 7 8 9 10 11 0 24 22 19 16 12 20 17 13 21 23 18 15 14 
DOWN:  1 2 3 4 5 6 7 8 9 10 11 12 24 22 19 16 0 20 17 13 21 23 18 15 14 
Bat dau tim kiem 17
RIGHT:  1 2 3 4 5 6 7 8 9 10 11 12 24 22 19 16 20 0 17 13 21 23 18 15 14 
RIGHT:  1 2 3 4 5 6 7 8 9 10 11 12 24 22 19 16 20 17 0 13 21 23 18 15 14 
bat dau tim trang thai dich 17
DOWN:  1 2 3 4 5 6 7 8 9 10 11 12 24 22 19 16 20 17 15 13 21 23 18 0 14 
LEFT:  1 2 3 4 5 6 7 8 9 10 11 12 24 22 19 16 20 17 15 13 21 23 0 18 14 
LEFT:  1 2 3 4 5 6 7 8 9 10 11 12 24 22 19 16 20 17 15 13 21 0 23 18 14 
UP:  1 2 3 4 5 6 7 8 9 10 11 12 24 22 19 16 0 17 15 13 21 20 23 18 14 
RIGHT:  1 2 3 4 5 6 7 8 9 10 11 12 24 22 19 16 17 0 15 13 21 20 23 18 14 
Bat dau tim kiem 22
RIGHT:  1 2 3 4 5 6 7 8 9 10 11 12 24 22 19 16 17 15 0 13 21 20 23 18 14 
UP:  1 2 3 4 5 6 7 8 9 10 11 12 24 0 19 16 17 15 22 13 21 20 23 18 14 
dua bai toan ve dang corner doc22
LEFT:  1 2 3 4 5 6 7 8 9 10 11 12 0 24 19 16 17 15 22 13 21 20 23 18 14 
DOWN:  1 2 3 4 5 6 7 8 9 10 11 12 15 24 19 16 17 0 22 13 21 20 23 18 14 
RIGHT:  1 2 3 4 5 6 7 8 9 10 11 12 15 24 19 16 17 22 0 13 21 20 23 18 14 
DOWN:  1 2 3 4 5 6 7 8 9 10 11 12 15 24 19 16 17 22 18 13 21 20 23 0 14 
LEFT:  1 2 3 4 5 6 7 8 9 10 11 12 15 24 19 16 17 22 18 13 21 20 0 23 14 
UP:  1 2 3 4 5 6 7 8 9 10 11 12 15 24 19 16 17 0 18 13 21 20 22 23 14 
RIGHT:  1 2 3 4 5 6 7 8 9 10 11 12 15 24 19 16 17 18 0 13 21 20 22 23 14 
DOWN:  1 2 3 4 5 6 7 8 9 10 11 12 15 24 19 16 17 18 23 13 21 20 22 0 14 
Xac dinh bai toan corner doc
LEFT:  1 2 3 4 5 6 7 8 9 10 11 12 15 24 19 16 17 18 23 13 21 20 0 22 14 
UP:  1 2 3 4 5 6 7 8 9 10 11 12 15 24 19 16 17 0 23 13 21 20 18 22 14 
LEFT:  1 2 3 4 5 6 7 8 9 10 11 12 15 24 19 16 0 17 23 13 21 20 18 22 14 
DOWN:  1 2 3 4 5 6 7 8 9 10 11 12 15 24 19 16 20 17 23 13 21 0 18 22 14 
RIGHT:  1 2 3 4 5 6 7 8 9 10 11 12 15 24 19 16 20 17 23 13 21 18 0 22 14 
UP:  1 2 3 4 5 6 7 8 9 10 11 12 15 24 19 16 20 0 23 13 21 18 17 22 14 
LEFT:  1 2 3 4 5 6 7 8 9 10 11 12 15 24 19 16 0 20 23 13 21 18 17 22 14 
DOWN:  1 2 3 4 5 6 7 8 9 10 11 12 15 24 19 16 18 20 23 13 21 0 17 22 14 
RIGHT:  1 2 3 4 5 6 7 8 9 10 11 12 15 24 19 16 18 20 23 13 21 17 0 22 14 
RIGHT:  1 2 3 4 5 6 7 8 9 10 11 12 15 24 19 16 18 20 23 13 21 17 22 0 14 
UP:  1 2 3 4 5 6 7 8 9 10 11 12 15 24 19 16 18 20 0 13 21 17 22 23 14 
LEFT:  1 2 3 4 5 6 7 8 9 10 11 12 15 24 19 16 18 0 20 13 21 17 22 23 14 
LEFT:  1 2 3 4 5 6 7 8 9 10 11 12 15 24 19 16 0 18 20 13 21 17 22 23 14 
DOWN:  1 2 3 4 5 6 7 8 9 10 11 12 15 24 19 16 17 18 20 13 21 0 22 23 14 
RIGHT:  1 2 3 4 5 6 7 8 9 10 11 12 15 24 19 16 17 18 20 13 21 22 0 23 14 
bat dau tim trang thai dich 22
Bat dau tim kiem 13
RIGHT:  1 2 3 4 5 6 7 8 9 10 11 12 15 24 19 16 17 18 20 13 21 22 23 0 14 
RIGHT:  1 2 3 4 5 6 7 8 9 10 11 12 15 24 19 16 17 18 20 13 21 22 23 14 0 
UP:  1 2 3 4 5 6 7 8 9 10 11 12 15 24 19 16 17 18 20 0 21 22 23 14 13 
bat dau tim trang thai dich 13
DOWN:  1 2 3 4 5 6 7 8 9 10 11 12 15 24 19 16 17 18 20 13 21 22 23 14 0 
LEFT:  1 2 3 4 5 6 7 8 9 10 11 12 15 24 19 16 17 18 20 13 21 22 23 0 14 
UP:  1 2 3 4 5 6 7 8 9 10 11 12 15 24 19 16 17 18 0 13 21 22 23 20 14 
RIGHT:  1 2 3 4 5 6 7 8 9 10 11 12 15 24 19 16 17 18 13 0 21 22 23 20 14 
UP:  1 2 3 4 5 6 7 8 9 10 11 12 15 24 0 16 17 18 13 19 21 22 23 20 14 
LEFT:  1 2 3 4 5 6 7 8 9 10 11 12 15 0 24 16 17 18 13 19 21 22 23 20 14 
DOWN:  1 2 3 4 5 6 7 8 9 10 11 12 15 13 24 16 17 18 0 19 21 22 23 20 14 
LEFT:  1 2 3 4 5 6 7 8 9 10 11 12 15 13 24 16 17 0 18 19 21 22 23 20 14 
UP:  1 2 3 4 5 6 7 8 9 10 11 12 0 13 24 16 17 15 18 19 21 22 23 20 14 
RIGHT:  1 2 3 4 5 6 7 8 9 10 11 12 13 0 24 16 17 15 18 19 21 22 23 20 14 
Bat dau tim kiem 14
DOWN:  1 2 3 4 5 6 7 8 9 10 11 12 13 18 24 16 17 15 0 19 21 22 23 20 14 
DOWN:  1 2 3 4 5 6 7 8 9 10 11 12 13 18 24 16 17 15 20 19 21 22 23 0 14 
RIGHT:  1 2 3 4 5 6 7 8 9 10 11 12 13 18 24 16 17 15 20 19 21 22 23 14 0 
bat dau tim trang thai dich 14
UP:  1 2 3 4 5 6 7 8 9 10 11 12 13 18 24 16 17 15 20 0 21 22 23 14 19 
LEFT:  1 2 3 4 5 6 7 8 9 10 11 12 13 18 24 16 17 15 0 20 21 22 23 14 19 
DOWN:  1 2 3 4 5 6 7 8 9 10 11 12 13 18 24 16 17 15 14 20 21 22 23 0 19 
RIGHT:  1 2 3 4 5 6 7 8 9 10 11 12 13 18 24 16 17 15 14 20 21 22 23 19 0 
UP:  1 2 3 4 5 6 7 8 9 10 11 12 13 18 24 16 17 15 14 0 21 22 23 19 20 
UP:  1 2 3 4 5 6 7 8 9 10 11 12 13 18 0 16 17 15 14 24 21 22 23 19 20 
LEFT:  1 2 3 4 5 6 7 8 9 10 11 12 13 0 18 16 17 15 14 24 21 22 23 19 20 
DOWN:  1 2 3 4 5 6 7 8 9 10 11 12 13 14 18 16 17 15 0 24 21 22 23 19 20 
Bat dau tim kiem 15
LEFT:  1 2 3 4 5 6 7 8 9 10 11 12 13 14 18 16 17 0 15 24 21 22 23 19 20 
dua bai toan ve dang corner15
DOWN:  1 2 3 4 5 6 7 8 9 10 11 12 13 14 18 16 17 23 15 24 21 22 0 19 20 
RIGHT:  1 2 3 4 5 6 7 8 9 10 11 12 13 14 18 16 17 23 15 24 21 22 19 0 20 
RIGHT:  1 2 3 4 5 6 7 8 9 10 11 12 13 14 18 16 17 23 15 24 21 22 19 20 0 
UP:  1 2 3 4 5 6 7 8 9 10 11 12 13 14 18 16 17 23 15 0 21 22 19 20 24 
LEFT:  1 2 3 4 5 6 7 8 9 10 11 12 13 14 18 16 17 23 0 15 21 22 19 20 24 
DOWN:  1 2 3 4 5 6 7 8 9 10 11 12 13 14 18 16 17 23 20 15 21 22 19 0 24 
RIGHT:  1 2 3 4 5 6 7 8 9 10 11 12 13 14 18 16 17 23 20 15 21 22 19 24 0 
Xac dinh bai toan corner
UP:  1 2 3 4 5 6 7 8 9 10 11 12 13 14 18 16 17 23 20 0 21 22 19 24 15 
LEFT:  1 2 3 4 5 6 7 8 9 10 11 12 13 14 18 16 17 23 0 20 21 22 19 24 15 
UP:  1 2 3 4 5 6 7 8 9 10 11 12 13 0 18 16 17 23 14 20 21 22 19 24 15 
RIGHT:  1 2 3 4 5 6 7 8 9 10 11 12 13 18 0 16 17 23 14 20 21 22 19 24 15 
DOWN:  1 2 3 4 5 6 7 8 9 10 11 12 13 18 20 16 17 23 14 0 21 22 19 24 15 
LEFT:  1 2 3 4 5 6 7 8 9 10 11 12 13 18 20 16 17 23 0 14 21 22 19 24 15 
UP:  1 2 3 4 5 6 7 8 9 10 11 12 13 0 20 16 17 23 18 14 21 22 19 24 15 
RIGHT:  1 2 3 4 5 6 7 8 9 10 11 12 13 20 0 16 17 23 18 14 21 22 19 24 15 
DOWN:  1 2 3 4 5 6 7 8 9 10 11 12 13 20 14 16 17 23 18 0 21 22 19 24 15 
DOWN:  1 2 3 4 5 6 7 8 9 10 11 12 13 20 14 16 17 23 18 15 21 22 19 24 0 
LEFT:  1 2 3 4 5 6 7 8 9 10 11 12 13 20 14 16 17 23 18 15 21 22 19 0 24 
UP:  1 2 3 4 5 6 7 8 9 10 11 12 13 20 14 16 17 23 0 15 21 22 19 18 24 
UP:  1 2 3 4 5 6 7 8 9 10 11 12 13 0 14 16 17 23 20 15 21 22 19 18 24 
RIGHT:  1 2 3 4 5 6 7 8 9 10 11 12 13 14 0 16 17 23 20 15 21 22 19 18 24 
DOWN:  1 2 3 4 5 6 7 8 9 10 11 12 13 14 15 16 17 23 20 0 21 22 19 18 24 
bat dau tim trang thai dich 15
Bat dau tim kiem 18
DOWN:  1 2 3 4 5 6 7 8 9 10 11 12 13 14 15 16 17 23 20 24 21 22 19 18 0 
LEFT:  1 2 3 4 5 6 7 8 9 10 11 12 13 14 15 16 17 23 20 24 21 22 19 0 18 
bat dau tim trang thai dich 18
RIGHT:  1 2 3 4 5 6 7 8 9 10 11 12 13 14 15 16 17 23 20 24 21 22 19 18 0 
UP:  1 2 3 4 5 6 7 8 9 10 11 12 13 14 15 16 17 23 20 0 21 22 19 18 24 
LEFT:  1 2 3 4 5 6 7 8 9 10 11 12 13 14 15 16 17 23 0 20 21 22 19 18 24 
DOWN:  1 2 3 4 5 6 7 8 9 10 11 12 13 14 15 16 17 23 18 20 21 22 19 0 24 
LEFT:  1 2 3 4 5 6 7 8 9 10 11 12 13 14 15 16 17 23 18 20 21 22 0 19 24 
UP:  1 2 3 4 5 6 7 8 9 10 11 12 13 14 15 16 17 0 18 20 21 22 23 19 24 
RIGHT:  1 2 3 4 5 6 7 8 9 10 11 12 13 14 15 16 17 18 0 20 21 22 23 19 24 
bat dau tim trang thai dich 23
RIGHT:  1 2 3 4 5 6 7 8 9 10 11 12 13 14 15 16 17 23 20 24 21 22 19 18 0 
UP:  1 2 3 4 5 6 7 8 9 10 11 12 13 14 15 16 17 23 20 0 21 22 19 18 24 
LEFT:  1 2 3 4 5 6 7 8 9 10 11 12 13 14 15 16 17 23 0 20 21 22 19 18 24 
DOWN:  1 2 3 4 5 6 7 8 9 10 11 12 13 14 15 16 17 23 18 20 21 22 19 0 24 
LEFT:  1 2 3 4 5 6 7 8 9 10 11 12 13 14 15 16 17 23 18 20 21 22 0 19 24 
UP:  1 2 3 4 5 6 7 8 9 10 11 12 13 14 15 16 17 0 18 20 21 22 23 19 24 
RIGHT:  1 2 3 4 5 6 7 8 9 10 11 12 13 14 15 16 17 18 0 20 21 22 23 19 24 
Bat dau tim kiem 19
DOWN:  1 2 3 4 5 6 7 8 9 10 11 12 13 14 15 16 17 18 19 20 21 22 23 0 24 
bat dau tim trang thai dich 19
RIGHT:  1 2 3 4 5 6 7 8 9 10 11 12 13 14 15 16 17 18 19 20 21 22 23 24 0 
bat dau tim trang thai dich 20
RIGHT:  1 2 3 4 5 6 7 8 9 10 11 12 13 14 15 16 17 18 19 20 21 22 23 24 0 
bat dau tim trang thai dich 24
RIGHT:  1 2 3 4 5 6 7 8 9 10 11 12 13 14 15 16 17 18 19 20 21 22 23 24 0 
