Proble
4 6 3 5 24 21 2 9 1 19 20 18 7 12 22 11 0 8 15 14 23 16 13 17 10 
Bat dau tim kiem 1
UP:  4 6 3 5 24 21 2 9 1 19 20 0 7 12 22 11 18 8 15 14 23 16 13 17 10 
UP:  4 6 3 5 24 21 0 9 1 19 20 2 7 12 22 11 18 8 15 14 23 16 13 17 10 
RIGHT:  4 6 3 5 24 21 9 0 1 19 20 2 7 12 22 11 18 8 15 14 23 16 13 17 10 
RIGHT:  4 6 3 5 24 21 9 1 0 19 20 2 7 12 22 11 18 8 15 14 23 16 13 17 10 
bat dau tim trang thai dich 1
UP:  4 6 3 0 24 21 9 1 5 19 20 2 7 12 22 11 18 8 15 14 23 16 13 17 10 
LEFT:  4 6 0 3 24 21 9 1 5 19 20 2 7 12 22 11 18 8 15 14 23 16 13 17 10 
DOWN:  4 6 1 3 24 21 9 0 5 19 20 2 7 12 22 11 18 8 15 14 23 16 13 17 10 
LEFT:  4 6 1 3 24 21 0 9 5 19 20 2 7 12 22 11 18 8 15 14 23 16 13 17 10 
UP:  4 0 1 3 24 21 6 9 5 19 20 2 7 12 22 11 18 8 15 14 23 16 13 17 10 
RIGHT:  4 1 0 3 24 21 6 9 5 19 20 2 7 12 22 11 18 8 15 14 23 16 13 17 10 
DOWN:  4 1 9 3 24 21 6 0 5 19 20 2 7 12 22 11 18 8 15 14 23 16 13 17 10 
LEFT:  4 1 9 3 24 21 0 6 5 19 20 2 7 12 22 11 18 8 15 14 23 16 13 17 10 
LEFT:  4 1 9 3 24 0 21 6 5 19 20 2 7 12 22 11 18 8 15 14 23 16 13 17 10 
UP:  0 1 9 3 24 4 21 6 5 19 20 2 7 12 22 11 18 8 15 14 23 16 13 17 10 
RIGHT:  1 0 9 3 24 4 21 6 5 19 20 2 7 12 22 11 18 8 15 14 23 16 13 17 10 
Bat dau tim kiem 2
DOWN:  1 21 9 3 24 4 0 6 5 19 20 2 7 12 22 11 18 8 15 14 23 16 13 17 10 
DOWN:  1 21 9 3 24 4 2 6 5 19 20 0 7 12 22 11 18 8 15 14 23 16 13 17 10 
bat dau tim trang thai dich 2
RIGHT:  1 21 9 3 24 4 2 6 5 19 20 7 0 12 22 11 18 8 15 14 23 16 13 17 10 
UP:  1 21 9 3 24 4 2 0 5 19 20 7 6 12 22 11 18 8 15 14 23 16 13 17 10 
UP:  1 21 0 3 24 4 2 9 5 19 20 7 6 12 22 11 18 8 15 14 23 16 13 17 10 
LEFT:  1 0 21 3 24 4 2 9 5 19 20 7 6 12 22 11 18 8 15 14 23 16 13 17 10 
DOWN:  1 2 21 3 24 4 0 9 5 19 20 7 6 12 22 11 18 8 15 14 23 16 13 17 10 
Bat dau tim kiem 3
RIGHT:  1 2 21 3 24 4 9 0 5 19 20 7 6 12 22 11 18 8 15 14 23 16 13 17 10 
RIGHT:  1 2 21 3 24 4 9 5 0 19 20 7 6 12 22 11 18 8 15 14 23 16 13 17 10 
UP:  1 2 21 0 24 4 9 5 3 19 20 7 6 12 22 11 18 8 15 14 23 16 13 17 10 
bat dau tim trang thai dich 3
DOWN:  1 2 21 3 24 4 9 5 0 19 20 7 6 12 22 11 18 8 15 14 23 16 13 17 10 
LEFT:  1 2 21 3 24 4 9 0 5 19 20 7 6 12 22 11 18 8 15 14 23 16 13 17 10 
UP:  1 2 0 3 24 4 9 21 5 19 20 7 6 12 22 11 18 8 15 14 23 16 13 17 10 
RIGHT:  1 2 3 0 24 4 9 21 5 19 20 7 6 12 22 11 18 8 15 14 23 16 13 17 10 
Bat dau tim kiem 4
DOWN:  1 2 3 5 24 4 9 21 0 19 20 7 6 12 22 11 18 8 15 14 23 16 13 17 10 
LEFT:  1 2 3 5 24 4 9 0 21 19 20 7 6 12 22 11 18 8 15 14 23 16 13 17 10 
LEFT:  1 2 3 5 24 4 0 9 21 19 20 7 6 12 22 11 18 8 15 14 23 16 13 17 10 
LEFT:  1 2 3 5 24 0 4 9 21 19 20 7 6 12 22 11 18 8 15 14 23 16 13 17 10 
bat dau tim trang thai dich 4
DOWN:  1 2 3 5 24 20 4 9 21 19 0 7 6 12 22 11 18 8 15 14 23 16 13 17 10 
RIGHT:  1 2 3 5 24 20 4 9 21 19 7 0 6 12 22 11 18 8 15 14 23 16 13 17 10 
RIGHT:  1 2 3 5 24 20 4 9 21 19 7 6 0 12 22 11 18 8 15 14 23 16 13 17 10 
UP:  1 2 3 5 24 20 4 0 21 19 7 6 9 12 22 11 18 8 15 14 23 16 13 17 10 
LEFT:  1 2 3 5 24 20 0 4 21 19 7 6 9 12 22 11 18 8 15 14 23 16 13 17 10 
DOWN:  1 2 3 5 24 20 6 4 21 19 7 0 9 12 22 11 18 8 15 14 23 16 13 17 10 
RIGHT:  1 2 3 5 24 20 6 4 21 19 7 9 0 12 22 11 18 8 15 14 23 16 13 17 10 
RIGHT:  1 2 3 5 24 20 6 4 21 19 7 9 12 0 22 11 18 8 15 14 23 16 13 17 10 
UP:  1 2 3 5 24 20 6 4 0 19 7 9 12 21 22 11 18 8 15 14 23 16 13 17 10 
LEFT:  1 2 3 5 24 20 6 0 4 19 7 9 12 21 22 11 18 8 15 14 23 16 13 17 10 
DOWN:  1 2 3 5 24 20 6 12 4 19 7 9 0 21 22 11 18 8 15 14 23 16 13 17 10 
RIGHT:  1 2 3 5 24 20 6 12 4 19 7 9 21 0 22 11 18 8 15 14 23 16 13 17 10 
RIGHT:  1 2 3 5 24 20 6 12 4 19 7 9 21 22 0 11 18 8 15 14 23 16 13 17 10 
UP:  1 2 3 5 24 20 6 12 4 0 7 9 21 22 19 11 18 8 15 14 23 16 13 17 10 
UP:  1 2 3 5 0 20 6 12 4 24 7 9 21 22 19 11 18 8 15 14 23 16 13 17 10 
LEFT:  1 2 3 0 5 20 6 12 4 24 7 9 21 22 19 11 18 8 15 14 23 16 13 17 10 
DOWN:  1 2 3 4 5 20 6 12 0 24 7 9 21 22 19 11 18 8 15 14 23 16 13 17 10 
bat dau tim trang thai dich 5
DOWN:  1 2 3 5 24 20 4 9 21 19 0 7 6 12 22 11 18 8 15 14 23 16 13 17 10 
RIGHT:  1 2 3 5 24 20 4 9 21 19 7 0 6 12 22 11 18 8 15 14 23 16 13 17 10 
RIGHT:  1 2 3 5 24 20 4 9 21 19 7 6 0 12 22 11 18 8 15 14 23 16 13 17 10 
UP:  1 2 3 5 24 20 4 0 21 19 7 6 9 12 22 11 18 8 15 14 23 16 13 17 10 
LEFT:  1 2 3 5 24 20 0 4 21 19 7 6 9 12 22 11 18 8 15 14 23 16 13 17 10 
DOWN:  1 2 3 5 24 20 6 4 21 19 7 0 9 12 22 11 18 8 15 14 23 16 13 17 10 
RIGHT:  1 2 3 5 24 20 6 4 21 19 7 9 0 12 22 11 18 8 15 14 23 16 13 17 10 
RIGHT:  1 2 3 5 24 20 6 4 21 19 7 9 12 0 22 11 18 8 15 14 23 16 13 17 10 
UP:  1 2 3 5 24 20 6 4 0 19 7 9 12 21 22 11 18 8 15 14 23 16 13 17 10 
LEFT:  1 2 3 5 24 20 6 0 4 19 7 9 12 21 22 11 18 8 15 14 23 16 13 17 10 
DOWN:  1 2 3 5 24 20 6 12 4 19 7 9 0 21 22 11 18 8 15 14 23 16 13 17 10 
RIGHT:  1 2 3 5 24 20 6 12 4 19 7 9 21 0 22 11 18 8 15 14 23 16 13 17 10 
RIGHT:  1 2 3 5 24 20 6 12 4 19 7 9 21 22 0 11 18 8 15 14 23 16 13 17 10 
UP:  1 2 3 5 24 20 6 12 4 0 7 9 21 22 19 11 18 8 15 14 23 16 13 17 10 
UP:  1 2 3 5 0 20 6 12 4 24 7 9 21 22 19 11 18 8 15 14 23 16 13 17 10 
LEFT:  1 2 3 0 5 20 6 12 4 24 7 9 21 22 19 11 18 8 15 14 23 16 13 17 10 
DOWN:  1 2 3 4 5 20 6 12 0 24 7 9 21 22 19 11 18 8 15 14 23 16 13 17 10 
Bat dau tim kiem 6
LEFT:  1 2 3 4 5 20 6 0 12 24 7 9 21 22 19 11 18 8 15 14 23 16 13 17 10 
LEFT:  1 2 3 4 5 20 0 6 12 24 7 9 21 22 19 11 18 8 15 14 23 16 13 17 10 
bat dau tim trang thai dich 6
RIGHT:  1 2 3 4 5 20 6 0 12 24 7 9 21 22 19 11 18 8 15 14 23 16 13 17 10 
DOWN:  1 2 3 4 5 20 6 21 12 24 7 9 0 22 19 11 18 8 15 14 23 16 13 17 10 
LEFT:  1 2 3 4 5 20 6 21 12 24 7 0 9 22 19 11 18 8 15 14 23 16 13 17 10 
LEFT:  1 2 3 4 5 20 6 21 12 24 0 7 9 22 19 11 18 8 15 14 23 16 13 17 10 
UP:  1 2 3 4 5 0 6 21 12 24 20 7 9 22 19 11 18 8 15 14 23 16 13 17 10 
RIGHT:  1 2 3 4 5 6 0 21 12 24 20 7 9 22 19 11 18 8 15 14 23 16 13 17 10 
Bat dau tim kiem 11
DOWN:  1 2 3 4 5 6 7 21 12 24 20 0 9 22 19 11 18 8 15 14 23 16 13 17 10 
DOWN:  1 2 3 4 5 6 7 21 12 24 20 18 9 22 19 11 0 8 15 14 23 16 13 17 10 
LEFT:  1 2 3 4 5 6 7 21 12 24 20 18 9 22 19 0 11 8 15 14 23 16 13 17 10 
bat dau tim trang thai dich 11
RIGHT:  1 2 3 4 5 6 7 21 12 24 20 18 9 22 19 11 0 8 15 14 23 16 13 17 10 
UP:  1 2 3 4 5 6 7 21 12 24 20 0 9 22 19 11 18 8 15 14 23 16 13 17 10 
LEFT:  1 2 3 4 5 6 7 21 12 24 0 20 9 22 19 11 18 8 15 14 23 16 13 17 10 
DOWN:  1 2 3 4 5 6 7 21 12 24 11 20 9 22 19 0 18 8 15 14 23 16 13 17 10 
Bat dau tim kiem 16
DOWN:  1 2 3 4 5 6 7 21 12 24 11 20 9 22 19 23 18 8 15 14 0 16 13 17 10 
RIGHT:  1 2 3 4 5 6 7 21 12 24 11 20 9 22 19 23 18 8 15 14 16 0 13 17 10 
bat dau tim trang thai dich 16
UP:  1 2 3 4 5 6 7 21 12 24 11 20 9 22 19 23 0 8 15 14 16 18 13 17 10 
LEFT:  1 2 3 4 5 6 7 21 12 24 11 20 9 22 19 0 23 8 15 14 16 18 13 17 10 
DOWN:  1 2 3 4 5 6 7 21 12 24 11 20 9 22 19 16 23 8 15 14 0 18 13 17 10 
Bat dau tim kiem 21
RIGHT:  1 2 3 4 5 6 7 21 12 24 11 20 9 22 19 16 23 8 15 14 18 0 13 17 10 
RIGHT:  1 2 3 4 5 6 7 21 12 24 11 20 9 22 19 16 23 8 15 14 18 13 0 17 10 
UP:  1 2 3 4 5 6 7 21 12 24 11 20 9 22 19 16 23 0 15 14 18 13 8 17 10 
UP:  1 2 3 4 5 6 7 21 12 24 11 20 0 22 19 16 23 9 15 14 18 13 8 17 10 
UP:  1 2 3 4 5 6 7 0 12 24 11 20 21 22 19 16 23 9 15 14 18 13 8 17 10 
dua bai toan ve dang corner doc21
LEFT:  1 2 3 4 5 6 0 7 12 24 11 20 21 22 19 16 23 9 15 14 18 13 8 17 10 
DOWN:  1 2 3 4 5 6 20 7 12 24 11 0 21 22 19 16 23 9 15 14 18 13 8 17 10 
RIGHT:  1 2 3 4 5 6 20 7 12 24 11 21 0 22 19 16 23 9 15 14 18 13 8 17 10 
DOWN:  1 2 3 4 5 6 20 7 12 24 11 21 9 22 19 16 23 0 15 14 18 13 8 17 10 
LEFT:  1 2 3 4 5 6 20 7 12 24 11 21 9 22 19 16 0 23 15 14 18 13 8 17 10 
UP:  1 2 3 4 5 6 20 7 12 24 11 0 9 22 19 16 21 23 15 14 18 13 8 17 10 
RIGHT:  1 2 3 4 5 6 20 7 12 24 11 9 0 22 19 16 21 23 15 14 18 13 8 17 10 
DOWN:  1 2 3 4 5 6 20 7 12 24 11 9 23 22 19 16 21 0 15 14 18 13 8 17 10 
DOWN:  1 2 3 4 5 6 20 7 12 24 11 9 23 22 19 16 21 8 15 14 18 13 0 17 10 
LEFT:  1 2 3 4 5 6 20 7 12 24 11 9 23 22 19 16 21 8 15 14 18 0 13 17 10 
UP:  1 2 3 4 5 6 20 7 12 24 11 9 23 22 19 16 0 8 15 14 18 21 13 17 10 
RIGHT:  1 2 3 4 5 6 20 7 12 24 11 9 23 22 19 16 8 0 15 14 18 21 13 17 10 
DOWN:  1 2 3 4 5 6 20 7 12 24 11 9 23 22 19 16 8 13 15 14 18 21 0 17 10 
Xac dinh bai toan corner doc
LEFT:  1 2 3 4 5 6 20 7 12 24 11 9 23 22 19 16 8 13 15 14 18 0 21 17 10 
UP:  1 2 3 4 5 6 20 7 12 24 11 9 23 22 19 16 0 13 15 14 18 8 21 17 10 
LEFT:  1 2 3 4 5 6 20 7 12 24 11 9 23 22 19 0 16 13 15 14 18 8 21 17 10 
DOWN:  1 2 3 4 5 6 20 7 12 24 11 9 23 22 19 18 16 13 15 14 0 8 21 17 10 
RIGHT:  1 2 3 4 5 6 20 7 12 24 11 9 23 22 19 18 16 13 15 14 8 0 21 17 10 
UP:  1 2 3 4 5 6 20 7 12 24 11 9 23 22 19 18 0 13 15 14 8 16 21 17 10 
LEFT:  1 2 3 4 5 6 20 7 12 24 11 9 23 22 19 0 18 13 15 14 8 16 21 17 10 
DOWN:  1 2 3 4 5 6 20 7 12 24 11 9 23 22 19 8 18 13 15 14 0 16 21 17 10 
RIGHT:  1 2 3 4 5 6 20 7 12 24 11 9 23 22 19 8 18 13 15 14 16 0 21 17 10 
RIGHT:  1 2 3 4 5 6 20 7 12 24 11 9 23 22 19 8 18 13 15 14 16 21 0 17 10 
UP:  1 2 3 4 5 6 20 7 12 24 11 9 23 22 19 8 18 0 15 14 16 21 13 17 10 
LEFT:  1 2 3 4 5 6 20 7 12 24 11 9 23 22 19 8 0 18 15 14 16 21 13 17 10 
LEFT:  1 2 3 4 5 6 20 7 12 24 11 9 23 22 19 0 8 18 15 14 16 21 13 17 10 
DOWN:  1 2 3 4 5 6 20 7 12 24 11 9 23 22 19 16 8 18 15 14 0 21 13 17 10 
RIGHT:  1 2 3 4 5 6 20 7 12 24 11 9 23 22 19 16 8 18 15 14 21 0 13 17 10 
bat dau tim trang thai dich 21
Bat dau tim kiem 7
RIGHT:  1 2 3 4 5 6 20 7 12 24 11 9 23 22 19 16 8 18 15 14 21 13 0 17 10 
UP:  1 2 3 4 5 6 20 7 12 24 11 9 23 22 19 16 8 0 15 14 21 13 18 17 10 
UP:  1 2 3 4 5 6 20 7 12 24 11 9 0 22 19 16 8 23 15 14 21 13 18 17 10 
UP:  1 2 3 4 5 6 20 0 12 24 11 9 7 22 19 16 8 23 15 14 21 13 18 17 10 
bat dau tim trang thai dich 7
DOWN:  1 2 3 4 5 6 20 7 12 24 11 9 0 22 19 16 8 23 15 14 21 13 18 17 10 
LEFT:  1 2 3 4 5 6 20 7 12 24 11 0 9 22 19 16 8 23 15 14 21 13 18 17 10 
UP:  1 2 3 4 5 6 0 7 12 24 11 20 9 22 19 16 8 23 15 14 21 13 18 17 10 
RIGHT:  1 2 3 4 5 6 7 0 12 24 11 20 9 22 19 16 8 23 15 14 21 13 18 17 10 
Bat dau tim kiem 8
DOWN:  1 2 3 4 5 6 7 9 12 24 11 20 0 22 19 16 8 23 15 14 21 13 18 17 10 
DOWN:  1 2 3 4 5 6 7 9 12 24 11 20 23 22 19 16 8 0 15 14 21 13 18 17 10 
LEFT:  1 2 3 4 5 6 7 9 12 24 11 20 23 22 19 16 0 8 15 14 21 13 18 17 10 
bat dau tim trang thai dich 8
UP:  1 2 3 4 5 6 7 9 12 24 11 0 23 22 19 16 20 8 15 14 21 13 18 17 10 
RIGHT:  1 2 3 4 5 6 7 9 12 24 11 23 0 22 19 16 20 8 15 14 21 13 18 17 10 
DOWN:  1 2 3 4 5 6 7 9 12 24 11 23 8 22 19 16 20 0 15 14 21 13 18 17 10 
RIGHT:  1 2 3 4 5 6 7 9 12 24 11 23 8 22 19 16 20 15 0 14 21 13 18 17 10 
UP:  1 2 3 4 5 6 7 9 12 24 11 23 8 0 19 16 20 15 22 14 21 13 18 17 10 
UP:  1 2 3 4 5 6 7 9 0 24 11 23 8 12 19 16 20 15 22 14 21 13 18 17 10 
LEFT:  1 2 3 4 5 6 7 0 9 24 11 23 8 12 19 16 20 15 22 14 21 13 18 17 10 
DOWN:  1 2 3 4 5 6 7 8 9 24 11 23 0 12 19 16 20 15 22 14 21 13 18 17 10 
bat dau tim trang thai dich 9
UP:  1 2 3 4 5 6 7 9 12 24 11 0 23 22 19 16 20 8 15 14 21 13 18 17 10 
RIGHT:  1 2 3 4 5 6 7 9 12 24 11 23 0 22 19 16 20 8 15 14 21 13 18 17 10 
DOWN:  1 2 3 4 5 6 7 9 12 24 11 23 8 22 19 16 20 0 15 14 21 13 18 17 10 
RIGHT:  1 2 3 4 5 6 7 9 12 24 11 23 8 22 19 16 20 15 0 14 21 13 18 17 10 
UP:  1 2 3 4 5 6 7 9 12 24 11 23 8 0 19 16 20 15 22 14 21 13 18 17 10 
UP:  1 2 3 4 5 6 7 9 0 24 11 23 8 12 19 16 20 15 22 14 21 13 18 17 10 
LEFT:  1 2 3 4 5 6 7 0 9 24 11 23 8 12 19 16 20 15 22 14 21 13 18 17 10 
DOWN:  1 2 3 4 5 6 7 8 9 24 11 23 0 12 19 16 20 15 22 14 21 13 18 17 10 
Bat dau tim kiem 10
DOWN:  1 2 3 4 5 6 7 8 9 24 11 23 15 12 19 16 20 0 22 14 21 13 18 17 10 
DOWN:  1 2 3 4 5 6 7 8 9 24 11 23 15 12 19 16 20 18 22 14 21 13 0 17 10 
RIGHT:  1 2 3 4 5 6 7 8 9 24 11 23 15 12 19 16 20 18 22 14 21 13 17 0 10 
RIGHT:  1 2 3 4 5 6 7 8 9 24 11 23 15 12 19 16 20 18 22 14 21 13 17 10 0 
dua bai toan ve dang corner10
LEFT:  1 2 3 4 5 6 7 8 9 24 11 23 15 12 19 16 20 18 22 14 21 13 17 0 10 
UP:  1 2 3 4 5 6 7 8 9 24 11 23 15 12 19 16 20 18 0 14 21 13 17 22 10 
RIGHT:  1 2 3 4 5 6 7 8 9 24 11 23 15 12 19 16 20 18 14 0 21 13 17 22 10 
DOWN:  1 2 3 4 5 6 7 8 9 24 11 23 15 12 19 16 20 18 14 10 21 13 17 22 0 
LEFT:  1 2 3 4 5 6 7 8 9 24 11 23 15 12 19 16 20 18 14 10 21 13 17 0 22 
UP:  1 2 3 4 5 6 7 8 9 24 11 23 15 12 19 16 20 18 0 10 21 13 17 14 22 
UP:  1 2 3 4 5 6 7 8 9 24 11 23 15 0 19 16 20 18 12 10 21 13 17 14 22 
RIGHT:  1 2 3 4 5 6 7 8 9 24 11 23 15 19 0 16 20 18 12 10 21 13 17 14 22 
DOWN:  1 2 3 4 5 6 7 8 9 24 11 23 15 19 10 16 20 18 12 0 21 13 17 14 22 
Xac dinh bai toan corner
UP:  1 2 3 4 5 6 7 8 9 24 11 23 15 19 0 16 20 18 12 10 21 13 17 14 22 
LEFT:  1 2 3 4 5 6 7 8 9 24 11 23 15 0 19 16 20 18 12 10 21 13 17 14 22 
UP:  1 2 3 4 5 6 7 8 0 24 11 23 15 9 19 16 20 18 12 10 21 13 17 14 22 
RIGHT:  1 2 3 4 5 6 7 8 24 0 11 23 15 9 19 16 20 18 12 10 21 13 17 14 22 
DOWN:  1 2 3 4 5 6 7 8 24 19 11 23 15 9 0 16 20 18 12 10 21 13 17 14 22 
LEFT:  1 2 3 4 5 6 7 8 24 19 11 23 15 0 9 16 20 18 12 10 21 13 17 14 22 
UP:  1 2 3 4 5 6 7 8 0 19 11 23 15 24 9 16 20 18 12 10 21 13 17 14 22 
RIGHT:  1 2 3 4 5 6 7 8 19 0 11 23 15 24 9 16 20 18 12 10 21 13 17 14 22 
DOWN:  1 2 3 4 5 6 7 8 19 9 11 23 15 24 0 16 20 18 12 10 21 13 17 14 22 
DOWN:  1 2 3 4 5 6 7 8 19 9 11 23 15 24 10 16 20 18 12 0 21 13 17 14 22 
LEFT:  1 2 3 4 5 6 7 8 19 9 11 23 15 24 10 16 20 18 0 12 21 13 17 14 22 
UP:  1 2 3 4 5 6 7 8 19 9 11 23 15 0 10 16 20 18 24 12 21 13 17 14 22 
UP:  1 2 3 4 5 6 7 8 0 9 11 23 15 19 10 16 20 18 24 12 21 13 17 14 22 
RIGHT:  1 2 3 4 5 6 7 8 9 0 11 23 15 19 10 16 20 18 24 12 21 13 17 14 22 
DOWN:  1 2 3 4 5 6 7 8 9 10 11 23 15 19 0 16 20 18 24 12 21 13 17 14 22 
bat dau tim trang thai dich 10
Bat dau tim kiem 12
DOWN:  1 2 3 4 5 6 7 8 9 10 11 23 15 19 12 16 20 18 24 0 21 13 17 14 22 
bat dau tim trang thai dich 12
LEFT:  1 2 3 4 5 6 7 8 9 10 11 23 15 19 12 16 20 18 0 24 21 13 17 14 22 
UP:  1 2 3 4 5 6 7 8 9 10 11 23 15 0 12 16 20 18 19 24 21 13 17 14 22 
RIGHT:  1 2 3 4 5 6 7 8 9 10 11 23 15 12 0 16 20 18 19 24 21 13 17 14 22 
DOWN:  1 2 3 4 5 6 7 8 9 10 11 23 15 12 24 16 20 18 19 0 21 13 17 14 22 
LEFT:  1 2 3 4 5 6 7 8 9 10 11 23 15 12 24 16 20 18 0 19 21 13 17 14 22 
LEFT:  1 2 3 4 5 6 7 8 9 10 11 23 15 12 24 16 20 0 18 19 21 13 17 14 22 
UP:  1 2 3 4 5 6 7 8 9 10 11 23 0 12 24 16 20 15 18 19 21 13 17 14 22 
RIGHT:  1 2 3 4 5 6 7 8 9 10 11 23 12 0 24 16 20 15 18 19 21 13 17 14 22 
DOWN:  1 2 3 4 5 6 7 8 9 10 11 23 12 18 24 16 20 15 0 19 21 13 17 14 22 
LEFT:  1 2 3 4 5 6 7 8 9 10 11 23 12 18 24 16 20 0 15 19 21 13 17 14 22 
LEFT:  1 2 3 4 5 6 7 8 9 10 11 23 12 18 24 16 0 20 15 19 21 13 17 14 22 
UP:  1 2 3 4 5 6 7 8 9 10 11 0 12 18 24 16 23 20 15 19 21 13 17 14 22 
RIGHT:  1 2 3 4 5 6 7 8 9 10 11 12 0 18 24 16 23 20 15 19 21 13 17 14 22 
Bat dau tim kiem 17
DOWN:  1 2 3 4 5 6 7 8 9 10 11 12 20 18 24 16 23 0 15 19 21 13 17 14 22 
DOWN:  1 2 3 4 5 6 7 8 9 10 11 12 20 18 24 16 23 17 15 19 21 13 0 14 22 
bat dau tim trang thai dich 17
LEFT:  1 2 3 4 5 6 7 8 9 10 11 12 20 18 24 16 23 17 15 19 21 0 13 14 22 
UP:  1 2 3 4 5 6 7 8 9 10 11 12 20 18 24 16 0 17 15 19 21 23 13 14 22 
RIGHT:  1 2 3 4 5 6 7 8 9 10 11 12 20 18 24 16 17 0 15 19 21 23 13 14 22 
Bat dau tim kiem 22
DOWN:  1 2 3 4 5 6 7 8 9 10 11 12 20 18 24 16 17 13 15 19 21 23 0 14 22 
RIGHT:  1 2 3 4 5 6 7 8 9 10 11 12 20 18 24 16 17 13 15 19 21 23 14 0 22 
RIGHT:  1 2 3 4 5 6 7 8 9 10 11 12 20 18 24 16 17 13 15 19 21 23 14 22 0 
dua bai toan ve dang corner doc22
UP:  1 2 3 4 5 6 7 8 9 10 11 12 20 18 24 16 17 13 15 0 21 23 14 22 19 
LEFT:  1 2 3 4 5 6 7 8 9 10 11 12 20 18 24 16 17 13 0 15 21 23 14 22 19 
LEFT:  1 2 3 4 5 6 7 8 9 10 11 12 20 18 24 16 17 0 13 15 21 23 14 22 19 
DOWN:  1 2 3 4 5 6 7 8 9 10 11 12 20 18 24 16 17 14 13 15 21 23 0 22 19 
RIGHT:  1 2 3 4 5 6 7 8 9 10 11 12 20 18 24 16 17 14 13 15 21 23 22 0 19 
Xac dinh bai toan corner doc
LEFT:  1 2 3 4 5 6 7 8 9 10 11 12 20 18 24 16 17 14 13 15 21 23 0 22 19 
UP:  1 2 3 4 5 6 7 8 9 10 11 12 20 18 24 16 17 0 13 15 21 23 14 22 19 
LEFT:  1 2 3 4 5 6 7 8 9 10 11 12 20 18 24 16 0 17 13 15 21 23 14 22 19 
DOWN:  1 2 3 4 5 6 7 8 9 10 11 12 20 18 24 16 23 17 13 15 21 0 14 22 19 
RIGHT:  1 2 3 4 5 6 7 8 9 10 11 12 20 18 24 16 23 17 13 15 21 14 0 22 19 
UP:  1 2 3 4 5 6 7 8 9 10 11 12 20 18 24 16 23 0 13 15 21 14 17 22 19 
LEFT:  1 2 3 4 5 6 7 8 9 10 11 12 20 18 24 16 0 23 13 15 21 14 17 22 19 
DOWN:  1 2 3 4 5 6 7 8 9 10 11 12 20 18 24 16 14 23 13 15 21 0 17 22 19 
RIGHT:  1 2 3 4 5 6 7 8 9 10 11 12 20 18 24 16 14 23 13 15 21 17 0 22 19 
RIGHT:  1 2 3 4 5 6 7 8 9 10 11 12 20 18 24 16 14 23 13 15 21 17 22 0 19 
UP:  1 2 3 4 5 6 7 8 9 10 11 12 20 18 24 16 14 23 0 15 21 17 22 13 19 
LEFT:  1 2 3 4 5 6 7 8 9 10 11 12 20 18 24 16 14 0 23 15 21 17 22 13 19 
LEFT:  1 2 3 4 5 6 7 8 9 10 11 12 20 18 24 16 0 14 23 15 21 17 22 13 19 
DOWN:  1 2 3 4 5 6 7 8 9 10 11 12 20 18 24 16 17 14 23 15 21 0 22 13 19 
RIGHT:  1 2 3 4 5 6 7 8 9 10 11 12 20 18 24 16 17 14 23 15 21 22 0 13 19 
bat dau tim trang thai dich 22
Bat dau tim kiem 13
RIGHT:  1 2 3 4 5 6 7 8 9 10 11 12 20 18 24 16 17 14 23 15 21 22 13 0 19 
bat dau tim trang thai dich 13
UP:  1 2 3 4 5 6 7 8 9 10 11 12 20 18 24 16 17 14 0 15 21 22 13 23 19 
LEFT:  1 2 3 4 5 6 7 8 9 10 11 12 20 18 24 16 17 0 14 15 21 22 13 23 19 
DOWN:  1 2 3 4 5 6 7 8 9 10 11 12 20 18 24 16 17 13 14 15 21 22 0 23 19 
RIGHT:  1 2 3 4 5 6 7 8 9 10 11 12 20 18 24 16 17 13 14 15 21 22 23 0 19 
UP:  1 2 3 4 5 6 7 8 9 10 11 12 20 18 24 16 17 13 0 15 21 22 23 14 19 
UP:  1 2 3 4 5 6 7 8 9 10 11 12 20 0 24 16 17 13 18 15 21 22 23 14 19 
LEFT:  1 2 3 4 5 6 7 8 9 10 11 12 0 20 24 16 17 13 18 15 21 22 23 14 19 
DOWN:  1 2 3 4 5 6 7 8 9 10 11 12 13 20 24 16 17 0 18 15 21 22 23 14 19 
Bat dau tim kiem 14
DOWN:  1 2 3 4 5 6 7 8 9 10 11 12 13 20 24 16 17 23 18 15 21 22 0 14 19 
RIGHT:  1 2 3 4 5 6 7 8 9 10 11 12 13 20 24 16 17 23 18 15 21 22 14 0 19 
bat dau tim trang thai dich 14
LEFT:  1 2 3 4 5 6 7 8 9 10 11 12 13 20 24 16 17 23 18 15 21 22 0 14 19 
UP:  1 2 3 4 5 6 7 8 9 10 11 12 13 20 24 16 17 0 18 15 21 22 23 14 19 
RIGHT:  1 2 3 4 5 6 7 8 9 10 11 12 13 20 24 16 17 18 0 15 21 22 23 14 19 
DOWN:  1 2 3 4 5 6 7 8 9 10 11 12 13 20 24 16 17 18 14 15 21 22 23 0 19 
RIGHT:  1 2 3 4 5 6 7 8 9 10 11 12 13 20 24 16 17 18 14 15 21 22 23 19 0 
UP:  1 2 3 4 5 6 7 8 9 10 11 12 13 20 24 16 17 18 14 0 21 22 23 19 15 
UP:  1 2 3 4 5 6 7 8 9 10 11 12 13 20 0 16 17 18 14 24 21 22 23 19 15 
LEFT:  1 2 3 4 5 6 7 8 9 10 11 12 13 0 20 16 17 18 14 24 21 22 23 19 15 
DOWN:  1 2 3 4 5 6 7 8 9 10 11 12 13 14 20 16 17 18 0 24 21 22 23 19 15 
Bat dau tim kiem 15
DOWN:  1 2 3 4 5 6 7 8 9 10 11 12 13 14 20 16 17 18 19 24 21 22 23 0 15 
RIGHT:  1 2 3 4 5 6 7 8 9 10 11 12 13 14 20 16 17 18 19 24 21 22 23 15 0 
dua bai toan ve dang corner15
LEFT:  1 2 3 4 5 6 7 8 9 10 11 12 13 14 20 16 17 18 19 24 21 22 23 0 15 
UP:  1 2 3 4 5 6 7 8 9 10 11 12 13 14 20 16 17 18 0 24 21 22 23 19 15 
RIGHT:  1 2 3 4 5 6 7 8 9 10 11 12 13 14 20 16 17 18 24 0 21 22 23 19 15 
DOWN:  1 2 3 4 5 6 7 8 9 10 11 12 13 14 20 16 17 18 24 15 21 22 23 19 0 
Xac dinh bai toan corner
UP:  1 2 3 4 5 6 7 8 9 10 11 12 13 14 20 16 17 18 24 0 21 22 23 19 15 
LEFT:  1 2 3 4 5 6 7 8 9 10 11 12 13 14 20 16 17 18 0 24 21 22 23 19 15 
UP:  1 2 3 4 5 6 7 8 9 10 11 12 13 0 20 16 17 18 14 24 21 22 23 19 15 
RIGHT:  1 2 3 4 5 6 7 8 9 10 11 12 13 20 0 16 17 18 14 24 21 22 23 19 15 
DOWN:  1 2 3 4 5 6 7 8 9 10 11 12 13 20 24 16 17 18 14 0 21 22 23 19 15 
LEFT:  1 2 3 4 5 6 7 8 9 10 11 12 13 20 24 16 17 18 0 14 21 22 23 19 15 
UP:  1 2 3 4 5 6 7 8 9 10 11 12 13 0 24 16 17 18 20 14 21 22 23 19 15 
RIGHT:  1 2 3 4 5 6 7 8 9 10 11 12 13 24 0 16 17 18 20 14 21 22 23 19 15 
DOWN:  1 2 3 4 5 6 7 8 9 10 11 12 13 24 14 16 17 18 20 0 21 22 23 19 15 
DOWN:  1 2 3 4 5 6 7 8 9 10 11 12 13 24 14 16 17 18 20 15 21 22 23 19 0 
LEFT:  1 2 3 4 5 6 7 8 9 10 11 12 13 24 14 16 17 18 20 15 21 22 23 0 19 
UP:  1 2 3 4 5 6 7 8 9 10 11 12 13 24 14 16 17 18 0 15 21 22 23 20 19 
UP:  1 2 3 4 5 6 7 8 9 10 11 12 13 0 14 16 17 18 24 15 21 22 23 20 19 
RIGHT:  1 2 3 4 5 6 7 8 9 10 11 12 13 14 0 16 17 18 24 15 21 22 23 20 19 
DOWN:  1 2 3 4 5 6 7 8 9 10 11 12 13 14 15 16 17 18 24 0 21 22 23 20 19 
bat dau tim trang thai dich 15
bat dau tim trang thai dich 18
bat dau tim trang thai dich 23
Bat dau tim kiem 19
DOWN:  1 2 3 4 5 6 7 8 9 10 11 12 13 14 15 16 17 18 24 19 21 22 23 20 0 
bat dau tim trang thai dich 19
LEFT:  1 2 3 4 5 6 7 8 9 10 11 12 13 14 15 16 17 18 24 19 21 22 23 0 20 
UP:  1 2 3 4 5 6 7 8 9 10 11 12 13 14 15 16 17 18 0 19 21 22 23 24 20 
RIGHT:  1 2 3 4 5 6 7 8 9 10 11 12 13 14 15 16 17 18 19 0 21 22 23 24 20 
Bat dau tim kiem 20
DOWN:  1 2 3 4 5 6 7 8 9 10 11 12 13 14 15 16 17 18 19 20 21 22 23 24 0 
bat dau tim trang thai dich 20
LEFT:  1 2 3 4 5 6 7 8 9 10 11 12 13 14 15 16 17 18 19 20 21 22 23 0 24 
Bat dau tim kiem 24
RIGHT:  1 2 3 4 5 6 7 8 9 10 11 12 13 14 15 16 17 18 19 20 21 22 23 24 0 
bat dau tim trang thai dich 24
UP:  1 2 3 4 5 6 7 8 9 10 11 12 13 14 15 16 17 18 19 0 21 22 23 24 20 
DOWN:  1 2 3 4 5 6 7 8 9 10 11 12 13 14 15 16 17 18 19 20 21 22 23 24 0 
